Neighbors check
Avg = 3.1392757999999996
Dev = 0.00048130196640627787

No Neighbors check
Avg = 3.1810236959999996
Dev = 0.0005005803373911988

